  N1         -1.140881   -1.025641    0.000000
  C2         -1.240681    0.362011    0.000000
  O2         -2.300579    0.952478    0.000000
  N3          0.000000    0.980206    0.000000
  C4          1.282012    0.395645    0.000000
  O4          2.282917    1.088566    0.000000
  C6          0.052878   -1.708082    0.000000
  C5          1.243058   -1.064709    0.000000
  H5          2.179366   -1.605340    0.000000
  H1         -2.021852   -1.517438    0.000000
  H3         -0.025642    1.993008    0.000000
  H6         -0.028009   -2.789726    0.000000
