  N1         -1.201400   -0.988797    0.000000
  C2         -1.228703    0.432731    0.000000
  O2         -2.305800    0.997479    0.000000
  N3          0.000000    1.058136    0.000000
  C4          1.103523    0.340863    0.000000
  N4          2.277717    1.023318    0.000000
  C6         -0.063948   -1.726544    0.000000
  C5          1.143491   -1.100074    0.000000
  H1         -2.109196   -1.432113    0.000000
  H6         -0.176374   -2.806043    0.000000
  H5          2.070986   -1.657412    0.000000
 1H4          3.165717    0.556293    0.000000
 2H4          2.234862    2.028988    0.000000
