  N9          2.172210    0.729189    0.000000
  C4          1.001237    0.019938    0.000000
  N3          0.900356   -1.338904    0.000000
  N1         -1.421194   -0.866938    0.000000
  C6         -1.379129    0.565543    0.000000
  O6         -2.414453    1.201631    0.000000
  C8          1.834646    2.063338    0.000000
  C5          0.000000    0.992618    0.000000
  C2         -0.351059   -1.727424    0.000000
  N7          0.527998    2.264153    0.000000
  N2         -0.636748   -3.060725    0.000000
  H1         -2.363856   -1.237500    0.000000
  H8          2.585708    2.841187    0.000000
  H9          3.097888    0.326363    0.000000
 1H2          0.138301   -3.699602    0.000000
 2H2         -1.574938   -3.414999    0.000000
