  N9         -2.150224    0.126891    0.000000
  C4         -0.924859   -0.501213    0.000000
  N3         -0.658718   -1.815294    0.000000
  N1          1.670931   -1.131398    0.000000
  C6          1.360416    0.171881    0.000000
  N6          2.355297    1.088060    0.000000
  C8         -1.906564    1.477225    0.000000
  C5          0.000000    0.549452    0.000000
  C2          0.661274   -2.029533    0.000000
  N7         -0.617269    1.782995    0.000000
  H2          0.973364   -3.070824    0.000000
  H8         -2.711953    2.199653    0.000000
  H9         -3.048083   -0.334168    0.000000
 1H6          3.309197    0.770943    0.000000
 2H6          2.135761    2.068742    0.000000
